(kicad_pcb (version 20171130) (host pcbnew "(5.0.0)")

  (general
    (thickness 1.6)
    (drawings 32)
    (tracks 78)
    (zones 0)
    (modules 67)
    (nets 50)
  )

  (page A4)
  (layers
    (0 F.Cu signal)
    (31 B.Cu signal)
    (32 B.Adhes user)
    (33 F.Adhes user)
    (34 B.Paste user)
    (35 F.Paste user)
    (36 B.SilkS user)
    (37 F.SilkS user)
    (38 B.Mask user)
    (39 F.Mask user)
    (40 Dwgs.User user)
    (41 Cmts.User user)
    (42 Eco1.User user)
    (43 Eco2.User user)
    (44 Edge.Cuts user)
    (45 Margin user)
    (46 B.CrtYd user)
    (47 F.CrtYd user)
    (48 B.Fab user)
    (49 F.Fab user)
  )

  (setup
    (last_trace_width 0.25)
    (user_trace_width 0.5)
    (user_trace_width 0.75)
    (user_trace_width 1)
    (trace_clearance 0.2)
    (zone_clearance 0.508)
    (zone_45_only no)
    (trace_min 0.2)
    (segment_width 0.2)
    (edge_width 0.15)
    (via_size 0.6)
    (via_drill 0.4)
    (via_min_size 0.4)
    (via_min_drill 0.3)
    (uvia_size 0.3)
    (uvia_drill 0.1)
    (uvias_allowed no)
    (uvia_min_size 0.2)
    (uvia_min_drill 0.1)
    (pcb_text_width 0.3)
    (pcb_text_size 1.5 1.5)
    (mod_edge_width 0.15)
    (mod_text_size 1 1)
    (mod_text_width 0.15)
    (pad_size 2.2 2.2)
    (pad_drill 2.2)
    (pad_to_mask_clearance 0.2)
    (aux_axis_origin 0 0)
    (visible_elements 7FFFFFFF)
    (pcbplotparams
      (layerselection 0x010fc_ffffffff)
      (usegerberextensions false)
      (usegerberattributes false)
      (usegerberadvancedattributes false)
      (creategerberjobfile false)
      (excludeedgelayer true)
      (linewidth 0.100000)
      (plotframeref false)
      (viasonmask false)
      (mode 1)
      (useauxorigin false)
      (hpglpennumber 1)
      (hpglpenspeed 20)
      (hpglpendiameter 15.000000)
      (psnegative false)
      (psa4output false)
      (plotreference true)
      (plotvalue true)
      (plotinvisibletext false)
      (padsonsilk false)
      (subtractmaskfromsilk false)
      (outputformat 1)
      (mirror false)
      (drillshape 0)
      (scaleselection 1)
      (outputdirectory "PCB.Gerber/"))
  )

  (net 0 "")
  (net 1 row0)
  (net 2 row1)
  (net 3 "Net-(D2-Pad2)")
  (net 4 row2)
  (net 5 "Net-(D3-Pad2)")
  (net 6 row3)
  (net 7 "Net-(D4-Pad2)")
  (net 8 "Net-(D5-Pad2)")
  (net 9 "Net-(D6-Pad2)")
  (net 10 "Net-(D7-Pad2)")
  (net 11 "Net-(D8-Pad2)")
  (net 12 VCC)
  (net 13 GND)
  (net 14 col0)
  (net 15 col1)
  (net 16 col2)
  (net 17 col6)
  (net 18 col3)
  (net 19 col4)
  (net 20 col5)
  (net 21 "Net-(C1-Pad1)")
  (net 22 "Net-(C2-Pad1)")
  (net 23 "Net-(C4-Pad1)")
  (net 24 "Net-(C5-Pad1)")
  (net 25 /P0.31)
  (net 26 /VBatt)
  (net 27 /VBus)
  (net 28 "Net-(D2-Pad1)")
  (net 29 "Net-(D3-Pad1)")
  (net 30 "Net-(J1-Pad6)")
  (net 31 /Data-)
  (net 32 /Data+)
  (net 33 "Net-(L1-Pad2)")
  (net 34 "Net-(R3-Pad1)")
  (net 35 /RXD)
  (net 36 /TXD)
  (net 37 /RESET)
  (net 38 /SWDCLK)
  (net 39 /SWDIO)
  (net 40 /4.2VSwitched)
  (net 41 /DIN_4.2)
  (net 42 "Net-(J2-Pad1)")
  (net 43 "Net-(Q2-Pad1)")
  (net 44 "Net-(Q3-Pad1)")
  (net 45 /DIN)
  (net 46 /DTR)
  (net 47 "Net-(C17-Pad1)")
  (net 48 "Net-(C18-Pad1)")
  (net 49 "Net-(U2-Pad16)")

  (net_class Default "This is the default net class."
    (clearance 0.2)
    (trace_width 0.25)
    (via_dia 0.6)
    (via_drill 0.4)
    (uvia_dia 0.3)
    (uvia_drill 0.1)
    (add_net /4.2VSwitched)
    (add_net /DIN)
    (add_net /DIN_4.2)
    (add_net /DTR)
    (add_net /Data+)
    (add_net /Data-)
    (add_net /P0.31)
    (add_net /RESET)
    (add_net /RXD)
    (add_net /SWDCLK)
    (add_net /SWDIO)
    (add_net /TXD)
    (add_net /VBatt)
    (add_net /VBus)
    (add_net GND)
    (add_net "Net-(C1-Pad1)")
    (add_net "Net-(C17-Pad1)")
    (add_net "Net-(C18-Pad1)")
    (add_net "Net-(C2-Pad1)")
    (add_net "Net-(C4-Pad1)")
    (add_net "Net-(C5-Pad1)")
    (add_net "Net-(D2-Pad1)")
    (add_net "Net-(D2-Pad2)")
    (add_net "Net-(D3-Pad1)")
    (add_net "Net-(D3-Pad2)")
    (add_net "Net-(D4-Pad2)")
    (add_net "Net-(D5-Pad2)")
    (add_net "Net-(D6-Pad2)")
    (add_net "Net-(D7-Pad2)")
    (add_net "Net-(D8-Pad2)")
    (add_net "Net-(J1-Pad6)")
    (add_net "Net-(J2-Pad1)")
    (add_net "Net-(L1-Pad2)")
    (add_net "Net-(Q2-Pad1)")
    (add_net "Net-(Q3-Pad1)")
    (add_net "Net-(R3-Pad1)")
    (add_net "Net-(U2-Pad16)")
    (add_net VCC)
    (add_net col0)
    (add_net col1)
    (add_net col2)
    (add_net col3)
    (add_net col4)
    (add_net col5)
    (add_net col6)
    (add_net row0)
    (add_net row1)
    (add_net row2)
    (add_net row3)
  )

  (net_class Wires ""
    (clearance 0.25)
    (trace_width 0.5)
    (via_dia 0.6)
    (via_drill 0.4)
    (uvia_dia 0.3)
    (uvia_drill 0.1)
  )

  (module Connector_PinHeader_2.00mm:PinHeader_2x10_P2.00mm_Vertical (layer F.Cu) (tedit 5BBD0FD3) (tstamp 5BC9591D)
    (at 135.128 136 90)
    (descr "Through hole straight pin header, 2x10, 2.00mm pitch, double rows")
    (tags "Through hole pin header THT 2x10 2.00mm double row")
    (path /5BC34BF4)
    (fp_text reference J16 (at 1 -2.06 90) (layer F.SilkS)
      (effects (font (size 1 1) (thickness 0.15)))
    )
    (fp_text value Conn_02x06_Counter_Clockwise (at 1 20.06 90) (layer F.Fab)
      (effects (font (size 1 1) (thickness 0.15)))
    )
    (fp_text user %R (at 1 9 180) (layer F.Fab)
      (effects (font (size 1 1) (thickness 0.15)))
    )
    (fp_line (start 3.5 -1.5) (end -1.5 -1.5) (layer F.CrtYd) (width 0.05))
    (fp_line (start 3.5 19.5) (end 3.5 -1.5) (layer F.CrtYd) (width 0.05))
    (fp_line (start -1.5 19.5) (end 3.5 19.5) (layer F.CrtYd) (width 0.05))
    (fp_line (start -1.5 -1.5) (end -1.5 19.5) (layer F.CrtYd) (width 0.05))
    (fp_line (start -1.06 -1.06) (end 0 -1.06) (layer F.SilkS) (width 0.12))
    (fp_line (start -1.06 0) (end -1.06 -1.06) (layer F.SilkS) (width 0.12))
    (fp_line (start 1 -1.06) (end 3.06 -1.06) (layer F.SilkS) (width 0.12))
    (fp_line (start 1 1) (end 1 -1.06) (layer F.SilkS) (width 0.12))
    (fp_line (start -1.06 1) (end 1 1) (layer F.SilkS) (width 0.12))
    (fp_line (start 3.06 -1.06) (end 3.06 19.06) (layer F.SilkS) (width 0.12))
    (fp_line (start -1.06 1) (end -1.06 19.06) (layer F.SilkS) (width 0.12))
    (fp_line (start -1.06 19.06) (end 3.06 19.06) (layer F.SilkS) (width 0.12))
    (fp_line (start -1 0) (end 0 -1) (layer F.Fab) (width 0.1))
    (fp_line (start -1 19) (end -1 0) (layer F.Fab) (width 0.1))
    (fp_line (start 3 19) (end -1 19) (layer F.Fab) (width 0.1))
    (fp_line (start 3 -1) (end 3 19) (layer F.Fab) (width 0.1))
    (fp_line (start 0 -1) (end 3 -1) (layer F.Fab) (width 0.1))
    (pad 20 thru_hole oval (at 2 18 90) (size 1.35 1.35) (drill 0.8) (layers *.Cu *.Mask))
    (pad 19 thru_hole oval (at 0 18 90) (size 1.35 1.35) (drill 0.8) (layers *.Cu *.Mask))
    (pad 18 thru_hole oval (at 2 16 90) (size 1.35 1.35) (drill 0.8) (layers *.Cu *.Mask))
    (pad 17 thru_hole oval (at 0 16 90) (size 1.35 1.35) (drill 0.8) (layers *.Cu *.Mask))
    (pad 16 thru_hole oval (at 2 14 90) (size 1.35 1.35) (drill 0.8) (layers *.Cu *.Mask))
    (pad 15 thru_hole oval (at 0 14 90) (size 1.35 1.35) (drill 0.8) (layers *.Cu *.Mask))
    (pad 14 thru_hole oval (at 2 12 90) (size 1.35 1.35) (drill 0.8) (layers *.Cu *.Mask))
    (pad 13 thru_hole oval (at 0 12 90) (size 1.35 1.35) (drill 0.8) (layers *.Cu *.Mask))
    (pad 12 thru_hole oval (at 2 10 90) (size 1.35 1.35) (drill 0.8) (layers *.Cu *.Mask))
    (pad 11 thru_hole oval (at 0 10 90) (size 1.35 1.35) (drill 0.8) (layers *.Cu *.Mask))
    (pad 10 thru_hole oval (at 2 8 90) (size 1.35 1.35) (drill 0.8) (layers *.Cu *.Mask))
    (pad 9 thru_hole oval (at 0 8 90) (size 1.35 1.35) (drill 0.8) (layers *.Cu *.Mask))
    (pad 8 thru_hole oval (at 2 6 90) (size 1.35 1.35) (drill 0.8) (layers *.Cu *.Mask))
    (pad 7 thru_hole oval (at 0 6 90) (size 1.35 1.35) (drill 0.8) (layers *.Cu *.Mask))
    (pad 6 thru_hole oval (at 2 4 90) (size 1.35 1.35) (drill 0.8) (layers *.Cu *.Mask))
    (pad 5 thru_hole oval (at 0 4 90) (size 1.35 1.35) (drill 0.8) (layers *.Cu *.Mask))
    (pad 4 thru_hole oval (at 2 2 90) (size 1.35 1.35) (drill 0.8) (layers *.Cu *.Mask))
    (pad 3 thru_hole oval (at 0 2 90) (size 1.35 1.35) (drill 0.8) (layers *.Cu *.Mask))
    (pad 2 thru_hole oval (at 2 0 90) (size 1.35 1.35) (drill 0.8) (layers *.Cu *.Mask))
    (pad 1 thru_hole rect (at 0 0 90) (size 1.35 1.35) (drill 0.8) (layers *.Cu *.Mask))
    (model ${KISYS3DMOD}/Connector_PinHeader_2.00mm.3dshapes/PinHeader_2x10_P2.00mm_Vertical.wrl
      (at (xyz 0 0 0))
      (scale (xyz 1 1 1))
      (rotate (xyz 0 0 0))
    )
  )

  (module Mounting_Holes:MountingHole_2.2mm_M2_DIN965 locked (layer F.Cu) (tedit 5ACF001E) (tstamp 5ACEFFE7)
    (at 128.5 106.85)
    (descr "Mounting Hole 2.2mm, no annular, M2, DIN965")
    (tags "mounting hole 2.2mm no annular m2 din965")
    (path /5ACF2748)
    (attr virtual)
    (fp_text reference J10 (at 0 -2.9) (layer F.SilkS) hide
      (effects (font (size 1 1) (thickness 0.15)))
    )
    (fp_text value Conn_01x01 (at 0 2.9) (layer F.Fab) hide
      (effects (font (size 1 1) (thickness 0.15)))
    )
    (fp_text user %R (at 0.3 0) (layer F.Fab)
      (effects (font (size 1 1) (thickness 0.15)))
    )
    (fp_circle (center 0 0) (end 1.9 0) (layer Cmts.User) (width 0.15))
    (fp_circle (center 0 0) (end 2.15 0) (layer F.CrtYd) (width 0.05))
    (pad 1 np_thru_hole circle (at 0 0) (size 2.2 2.2) (drill 2.2) (layers *.Cu *.Mask))
  )

  (module Mounting_Holes:MountingHole_2.2mm_M2_DIN965 locked (layer F.Cu) (tedit 5ACEFF8D) (tstamp 5ACEFFBF)
    (at 93.96 110.35)
    (descr "Mounting Hole 2.2mm, no annular, M2, DIN965")
    (tags "mounting hole 2.2mm no annular m2 din965")
    (path /5ACF2404)
    (attr virtual)
    (fp_text reference J5 (at 0 -2.9) (layer F.SilkS) hide
      (effects (font (size 1 1) (thickness 0.15)))
    )
    (fp_text value Conn_01x01 (at 0 2.9) (layer F.Fab) hide
      (effects (font (size 1 1) (thickness 0.15)))
    )
    (fp_text user %R (at 0.3 0) (layer F.Fab)
      (effects (font (size 1 1) (thickness 0.15)))
    )
    (fp_circle (center 0 0) (end 1.9 0) (layer Cmts.User) (width 0.15))
    (fp_circle (center 0 0) (end 2.15 0) (layer F.CrtYd) (width 0.05))
    (pad 1 np_thru_hole circle (at 0 0) (size 2.2 2.2) (drill 2.2) (layers *.Cu *.Mask))
  )

  (module Mounting_Holes:MountingHole_2.2mm_M2_DIN965 locked (layer F.Cu) (tedit 5ACEFFAD) (tstamp 5ACEFFC7)
    (at 93.96 72.15)
    (descr "Mounting Hole 2.2mm, no annular, M2, DIN965")
    (tags "mounting hole 2.2mm no annular m2 din965")
    (path /5ACF22A6)
    (attr virtual)
    (fp_text reference J6 (at 0 -2.9) (layer F.SilkS) hide
      (effects (font (size 1 1) (thickness 0.15)))
    )
    (fp_text value Conn_01x01 (at 0 2.9) (layer F.Fab) hide
      (effects (font (size 1 1) (thickness 0.15)))
    )
    (fp_text user %R (at 0.3 0) (layer F.Fab)
      (effects (font (size 1 1) (thickness 0.15)))
    )
    (fp_circle (center 0 0) (end 1.9 0) (layer Cmts.User) (width 0.15))
    (fp_circle (center 0 0) (end 2.15 0) (layer F.CrtYd) (width 0.05))
    (pad 1 np_thru_hole circle (at 0 0) (size 2.2 2.2) (drill 2.2) (layers *.Cu *.Mask))
  )

  (module Mounting_Holes:MountingHole_2.2mm_M2_DIN965 locked (layer F.Cu) (tedit 5BBE78EA) (tstamp 5ACEFFCF)
    (at 189.25 72.15)
    (descr "Mounting Hole 2.2mm, no annular, M2, DIN965")
    (tags "mounting hole 2.2mm no annular m2 din965")
    (path /5ACF217B)
    (attr virtual)
    (fp_text reference J7 (at 0 -2.9) (layer F.SilkS) hide
      (effects (font (size 1 1) (thickness 0.15)))
    )
    (fp_text value Conn_01x01 (at 0 2.9) (layer F.Fab) hide
      (effects (font (size 1 1) (thickness 0.15)))
    )
    (fp_text user %R (at 0.3 0) (layer F.Fab)
      (effects (font (size 1 1) (thickness 0.15)))
    )
    (fp_circle (center 0 0) (end 1.9 0) (layer Cmts.User) (width 0.15))
    (fp_circle (center 0 0) (end 2.15 0) (layer F.CrtYd) (width 0.05))
    (pad "" np_thru_hole circle (at 0 0) (size 2.2 2.2) (drill 2.2) (layers *.Cu *.Mask))
  )

  (module Mounting_Holes:MountingHole_2.2mm_M2_DIN965 locked (layer F.Cu) (tedit 5BBE789B) (tstamp 5ACEFFD7)
    (at 184.785 109.22)
    (descr "Mounting Hole 2.2mm, no annular, M2, DIN965")
    (tags "mounting hole 2.2mm no annular m2 din965")
    (path /5ACF1FC6)
    (attr virtual)
    (fp_text reference J8 (at 0 -2.9) (layer F.SilkS) hide
      (effects (font (size 1 1) (thickness 0.15)))
    )
    (fp_text value Conn_01x01 (at 0 2.9) (layer F.Fab) hide
      (effects (font (size 1 1) (thickness 0.15)))
    )
    (fp_text user %R (at 0.3 0) (layer F.Fab)
      (effects (font (size 1 1) (thickness 0.15)))
    )
    (fp_circle (center 0 0) (end 1.9 0) (layer Cmts.User) (width 0.15))
    (fp_circle (center 0 0) (end 2.15 0) (layer F.CrtYd) (width 0.05))
    (pad "" np_thru_hole circle (at 0 0) (size 2.2 2.2) (drill 2.2) (layers *.Cu *.Mask))
  )

  (module Mounting_Holes:MountingHole_2.2mm_M2_DIN965 locked (layer F.Cu) (tedit 5ACF0002) (tstamp 5ACEFFDF)
    (at 128.5 68.75)
    (descr "Mounting Hole 2.2mm, no annular, M2, DIN965")
    (tags "mounting hole 2.2mm no annular m2 din965")
    (path /5ACF2596)
    (attr virtual)
    (fp_text reference J9 (at 0 -2.9) (layer F.SilkS) hide
      (effects (font (size 1 1) (thickness 0.15)))
    )
    (fp_text value Conn_01x01 (at 0 2.9) (layer F.Fab) hide
      (effects (font (size 1 1) (thickness 0.15)))
    )
    (fp_text user %R (at 0.3 0) (layer F.Fab)
      (effects (font (size 1 1) (thickness 0.15)))
    )
    (fp_circle (center 0 0) (end 1.9 0) (layer Cmts.User) (width 0.15))
    (fp_circle (center 0 0) (end 2.15 0) (layer F.CrtYd) (width 0.05))
    (pad 1 np_thru_hole circle (at 0 0) (size 2.2 2.2) (drill 2.2) (layers *.Cu *.Mask))
  )

  (module Mounting_Holes:MountingHole_2.2mm_M2_DIN965 locked (layer F.Cu) (tedit 5ACF0037) (tstamp 5ACEFFEF)
    (at 154.91 68.75)
    (descr "Mounting Hole 2.2mm, no annular, M2, DIN965")
    (tags "mounting hole 2.2mm no annular m2 din965")
    (path /5ACF29E3)
    (attr virtual)
    (fp_text reference J11 (at 0 -2.9) (layer F.SilkS) hide
      (effects (font (size 1 1) (thickness 0.15)))
    )
    (fp_text value Conn_01x01 (at 0 2.9) (layer F.Fab) hide
      (effects (font (size 1 1) (thickness 0.15)))
    )
    (fp_text user %R (at 0.3 0) (layer F.Fab)
      (effects (font (size 1 1) (thickness 0.15)))
    )
    (fp_circle (center 0 0) (end 1.9 0) (layer Cmts.User) (width 0.15))
    (fp_circle (center 0 0) (end 2.15 0) (layer F.CrtYd) (width 0.05))
    (pad 1 np_thru_hole circle (at 0 0) (size 2.2 2.2) (drill 2.2) (layers *.Cu *.Mask))
  )

  (module Mounting_Holes:MountingHole_2.2mm_M2_DIN965 locked (layer F.Cu) (tedit 5ACF004F) (tstamp 5ACEFFF7)
    (at 154.91 106.85)
    (descr "Mounting Hole 2.2mm, no annular, M2, DIN965")
    (tags "mounting hole 2.2mm no annular m2 din965")
    (path /5ACF2887)
    (attr virtual)
    (fp_text reference J12 (at 0 -2.9) (layer F.SilkS) hide
      (effects (font (size 1 1) (thickness 0.15)))
    )
    (fp_text value Conn_01x01 (at 0 2.9) (layer F.Fab) hide
      (effects (font (size 1 1) (thickness 0.15)))
    )
    (fp_text user %R (at 0.3 0) (layer F.Fab)
      (effects (font (size 1 1) (thickness 0.15)))
    )
    (fp_circle (center 0 0) (end 1.9 0) (layer Cmts.User) (width 0.15))
    (fp_circle (center 0 0) (end 2.15 0) (layer F.CrtYd) (width 0.05))
    (pad 1 np_thru_hole circle (at 0 0) (size 2.2 2.2) (drill 2.2) (layers *.Cu *.Mask))
  )

  (module Connector_PinSocket_2.00mm:PinSocket_2x10_P2.00mm_Vertical_SMD (layer F.Cu) (tedit 5A19A421) (tstamp 5BC95A64)
    (at 144.2 124.4 90)
    (descr "surface-mounted straight socket strip, 2x10, 2.00mm pitch, double cols (from Kicad 4.0.7), script generated")
    (tags "Surface mounted socket strip SMD 2x10 2.00mm double row")
    (path /5BBA2995)
    (attr smd)
    (fp_text reference J15 (at 0 -11.5 90) (layer F.SilkS)
      (effects (font (size 1 1) (thickness 0.15)))
    )
    (fp_text value Conn_02x06_Counter_Clockwise (at 0 11.5 90) (layer F.Fab)
      (effects (font (size 1 1) (thickness 0.15)))
    )
    (fp_line (start -2.06 -10.06) (end 2.06 -10.06) (layer F.SilkS) (width 0.12))
    (fp_line (start 2.06 -10.06) (end 2.06 -9.76) (layer F.SilkS) (width 0.12))
    (fp_line (start 2.06 -8.24) (end 2.06 -7.76) (layer F.SilkS) (width 0.12))
    (fp_line (start 2.06 -6.24) (end 2.06 -5.76) (layer F.SilkS) (width 0.12))
    (fp_line (start 2.06 -4.24) (end 2.06 -3.76) (layer F.SilkS) (width 0.12))
    (fp_line (start 2.06 -2.24) (end 2.06 -1.76) (layer F.SilkS) (width 0.12))
    (fp_line (start 2.06 -0.24) (end 2.06 0.24) (layer F.SilkS) (width 0.12))
    (fp_line (start 2.06 1.76) (end 2.06 2.24) (layer F.SilkS) (width 0.12))
    (fp_line (start 2.06 3.76) (end 2.06 4.24) (layer F.SilkS) (width 0.12))
    (fp_line (start 2.06 5.76) (end 2.06 6.24) (layer F.SilkS) (width 0.12))
    (fp_line (start 2.06 7.76) (end 2.06 8.24) (layer F.SilkS) (width 0.12))
    (fp_line (start 2.06 9.76) (end 2.06 10.06) (layer F.SilkS) (width 0.12))
    (fp_line (start -2.06 10.06) (end 2.06 10.06) (layer F.SilkS) (width 0.12))
    (fp_line (start -2.06 -10.06) (end -2.06 -9.76) (layer F.SilkS) (width 0.12))
    (fp_line (start -2.06 -8.24) (end -2.06 -7.76) (layer F.SilkS) (width 0.12))
    (fp_line (start -2.06 -6.24) (end -2.06 -5.76) (layer F.SilkS) (width 0.12))
    (fp_line (start -2.06 -4.24) (end -2.06 -3.76) (layer F.SilkS) (width 0.12))
    (fp_line (start -2.06 -2.24) (end -2.06 -1.76) (layer F.SilkS) (width 0.12))
    (fp_line (start -2.06 -0.24) (end -2.06 0.24) (layer F.SilkS) (width 0.12))
    (fp_line (start -2.06 1.76) (end -2.06 2.24) (layer F.SilkS) (width 0.12))
    (fp_line (start -2.06 3.76) (end -2.06 4.24) (layer F.SilkS) (width 0.12))
    (fp_line (start -2.06 5.76) (end -2.06 6.24) (layer F.SilkS) (width 0.12))
    (fp_line (start -2.06 7.76) (end -2.06 8.24) (layer F.SilkS) (width 0.12))
    (fp_line (start -2.06 9.76) (end -2.06 10.06) (layer F.SilkS) (width 0.12))
    (fp_line (start 2.06 -9.76) (end 4.44 -9.76) (layer F.SilkS) (width 0.12))
    (fp_line (start -2 -10) (end 1 -10) (layer F.Fab) (width 0.1))
    (fp_line (start 1 -10) (end 2 -9) (layer F.Fab) (width 0.1))
    (fp_line (start 2 -9) (end 2 10) (layer F.Fab) (width 0.1))
    (fp_line (start 2 10) (end -2 10) (layer F.Fab) (width 0.1))
    (fp_line (start -2 10) (end -2 -10) (layer F.Fab) (width 0.1))
    (fp_line (start -3 -9.25) (end -2 -9.25) (layer F.Fab) (width 0.1))
    (fp_line (start -2 -8.75) (end -3 -8.75) (layer F.Fab) (width 0.1))
    (fp_line (start -3 -8.75) (end -3 -9.25) (layer F.Fab) (width 0.1))
    (fp_line (start 2 -9.25) (end 3 -9.25) (layer F.Fab) (width 0.1))
    (fp_line (start 3 -9.25) (end 3 -8.75) (layer F.Fab) (width 0.1))
    (fp_line (start 3 -8.75) (end 2 -8.75) (layer F.Fab) (width 0.1))
    (fp_line (start -3 -7.25) (end -2 -7.25) (layer F.Fab) (width 0.1))
    (fp_line (start -2 -6.75) (end -3 -6.75) (layer F.Fab) (width 0.1))
    (fp_line (start -3 -6.75) (end -3 -7.25) (layer F.Fab) (width 0.1))
    (fp_line (start 2 -7.25) (end 3 -7.25) (layer F.Fab) (width 0.1))
    (fp_line (start 3 -7.25) (end 3 -6.75) (layer F.Fab) (width 0.1))
    (fp_line (start 3 -6.75) (end 2 -6.75) (layer F.Fab) (width 0.1))
    (fp_line (start -3 -5.25) (end -2 -5.25) (layer F.Fab) (width 0.1))
    (fp_line (start -2 -4.75) (end -3 -4.75) (layer F.Fab) (width 0.1))
    (fp_line (start -3 -4.75) (end -3 -5.25) (layer F.Fab) (width 0.1))
    (fp_line (start 2 -5.25) (end 3 -5.25) (layer F.Fab) (width 0.1))
    (fp_line (start 3 -5.25) (end 3 -4.75) (layer F.Fab) (width 0.1))
    (fp_line (start 3 -4.75) (end 2 -4.75) (layer F.Fab) (width 0.1))
    (fp_line (start -3 -3.25) (end -2 -3.25) (layer F.Fab) (width 0.1))
    (fp_line (start -2 -2.75) (end -3 -2.75) (layer F.Fab) (width 0.1))
    (fp_line (start -3 -2.75) (end -3 -3.25) (layer F.Fab) (width 0.1))
    (fp_line (start 2 -3.25) (end 3 -3.25) (layer F.Fab) (width 0.1))
    (fp_line (start 3 -3.25) (end 3 -2.75) (layer F.Fab) (width 0.1))
    (fp_line (start 3 -2.75) (end 2 -2.75) (layer F.Fab) (width 0.1))
    (fp_line (start -3 -1.25) (end -2 -1.25) (layer F.Fab) (width 0.1))
    (fp_line (start -2 -0.75) (end -3 -0.75) (layer F.Fab) (width 0.1))
    (fp_line (start -3 -0.75) (end -3 -1.25) (layer F.Fab) (width 0.1))
    (fp_line (start 2 -1.25) (end 3 -1.25) (layer F.Fab) (width 0.1))
    (fp_line (start 3 -1.25) (end 3 -0.75) (layer F.Fab) (width 0.1))
    (fp_line (start 3 -0.75) (end 2 -0.75) (layer F.Fab) (width 0.1))
    (fp_line (start -3 0.75) (end -2 0.75) (layer F.Fab) (width 0.1))
    (fp_line (start -2 1.25) (end -3 1.25) (layer F.Fab) (width 0.1))
    (fp_line (start -3 1.25) (end -3 0.75) (layer F.Fab) (width 0.1))
    (fp_line (start 2 0.75) (end 3 0.75) (layer F.Fab) (width 0.1))
    (fp_line (start 3 0.75) (end 3 1.25) (layer F.Fab) (width 0.1))
    (fp_line (start 3 1.25) (end 2 1.25) (layer F.Fab) (width 0.1))
    (fp_line (start -3 2.75) (end -2 2.75) (layer F.Fab) (width 0.1))
    (fp_line (start -2 3.25) (end -3 3.25) (layer F.Fab) (width 0.1))
    (fp_line (start -3 3.25) (end -3 2.75) (layer F.Fab) (width 0.1))
    (fp_line (start 2 2.75) (end 3 2.75) (layer F.Fab) (width 0.1))
    (fp_line (start 3 2.75) (end 3 3.25) (layer F.Fab) (width 0.1))
    (fp_line (start 3 3.25) (end 2 3.25) (layer F.Fab) (width 0.1))
    (fp_line (start -3 4.75) (end -2 4.75) (layer F.Fab) (width 0.1))
    (fp_line (start -2 5.25) (end -3 5.25) (layer F.Fab) (width 0.1))
    (fp_line (start -3 5.25) (end -3 4.75) (layer F.Fab) (width 0.1))
    (fp_line (start 2 4.75) (end 3 4.75) (layer F.Fab) (width 0.1))
    (fp_line (start 3 4.75) (end 3 5.25) (layer F.Fab) (width 0.1))
    (fp_line (start 3 5.25) (end 2 5.25) (layer F.Fab) (width 0.1))
    (fp_line (start -3 6.75) (end -2 6.75) (layer F.Fab) (width 0.1))
    (fp_line (start -2 7.25) (end -3 7.25) (layer F.Fab) (width 0.1))
    (fp_line (start -3 7.25) (end -3 6.75) (layer F.Fab) (width 0.1))
    (fp_line (start 2 6.75) (end 3 6.75) (layer F.Fab) (width 0.1))
    (fp_line (start 3 6.75) (end 3 7.25) (layer F.Fab) (width 0.1))
    (fp_line (start 3 7.25) (end 2 7.25) (layer F.Fab) (width 0.1))
    (fp_line (start -3 8.75) (end -2 8.75) (layer F.Fab) (width 0.1))
    (fp_line (start -2 9.25) (end -3 9.25) (layer F.Fab) (width 0.1))
    (fp_line (start -3 9.25) (end -3 8.75) (layer F.Fab) (width 0.1))
    (fp_line (start 2 8.75) (end 3 8.75) (layer F.Fab) (width 0.1))
    (fp_line (start 3 8.75) (end 3 9.25) (layer F.Fab) (width 0.1))
    (fp_line (start 3 9.25) (end 2 9.25) (layer F.Fab) (width 0.1))
    (fp_line (start -5 -10.5) (end 5 -10.5) (layer F.CrtYd) (width 0.05))
    (fp_line (start 5 -10.5) (end 5 10.5) (layer F.CrtYd) (width 0.05))
    (fp_line (start 5 10.5) (end -5 10.5) (layer F.CrtYd) (width 0.05))
    (fp_line (start -5 10.5) (end -5 -10.5) (layer F.CrtYd) (width 0.05))
    (fp_text user %R (at 0 0 180) (layer F.Fab)
      (effects (font (size 1 1) (thickness 0.15)))
    )
    (pad 1 smd rect (at 3.125 -9 90) (size 2.75 1) (layers F.Cu F.Paste F.Mask)
      (net 14 col0))
    (pad 2 smd rect (at -3.125 -9 90) (size 2.75 1) (layers F.Cu F.Paste F.Mask)
      (net 1 row0))
    (pad 3 smd rect (at 3.125 -7 90) (size 2.75 1) (layers F.Cu F.Paste F.Mask)
      (net 15 col1))
    (pad 4 smd rect (at -3.125 -7 90) (size 2.75 1) (layers F.Cu F.Paste F.Mask)
      (net 2 row1))
    (pad 5 smd rect (at 3.125 -5 90) (size 2.75 1) (layers F.Cu F.Paste F.Mask)
      (net 16 col2))
    (pad 6 smd rect (at -3.125 -5 90) (size 2.75 1) (layers F.Cu F.Paste F.Mask)
      (net 4 row2))
    (pad 7 smd rect (at 3.125 -3 90) (size 2.75 1) (layers F.Cu F.Paste F.Mask)
      (net 18 col3))
    (pad 8 smd rect (at -3.125 -3 90) (size 2.75 1) (layers F.Cu F.Paste F.Mask)
      (net 6 row3))
    (pad 9 smd rect (at 3.125 -1 90) (size 2.75 1) (layers F.Cu F.Paste F.Mask)
      (net 19 col4))
    (pad 10 smd rect (at -3.125 -1 90) (size 2.75 1) (layers F.Cu F.Paste F.Mask)
      (net 13 GND))
    (pad 11 smd rect (at 3.125 1 90) (size 2.75 1) (layers F.Cu F.Paste F.Mask)
      (net 20 col5))
    (pad 12 smd rect (at -3.125 1 90) (size 2.75 1) (layers F.Cu F.Paste F.Mask))
    (pad 13 smd rect (at 3.125 3 90) (size 2.75 1) (layers F.Cu F.Paste F.Mask)
      (net 17 col6))
    (pad 14 smd rect (at -3.125 3 90) (size 2.75 1) (layers F.Cu F.Paste F.Mask))
    (pad 15 smd rect (at 3.125 5 90) (size 2.75 1) (layers F.Cu F.Paste F.Mask))
    (pad 16 smd rect (at -3.125 5 90) (size 2.75 1) (layers F.Cu F.Paste F.Mask))
    (pad 17 smd rect (at 3.125 7 90) (size 2.75 1) (layers F.Cu F.Paste F.Mask))
    (pad 18 smd rect (at -3.125 7 90) (size 2.75 1) (layers F.Cu F.Paste F.Mask))
    (pad 19 smd rect (at 3.125 9 90) (size 2.75 1) (layers F.Cu F.Paste F.Mask))
    (pad 20 smd rect (at -3.125 9 90) (size 2.75 1) (layers F.Cu F.Paste F.Mask))
    (model ${KISYS3DMOD}/Connector_PinSocket_2.00mm.3dshapes/PinSocket_2x10_P2.00mm_Vertical_SMD.wrl
      (at (xyz 0 0 0))
      (scale (xyz 1 1 1))
      (rotate (xyz 0 0 0))
    )
  )

  (module Capacitor_SMD:C_0805_2012Metric_Pad1.15x1.40mm_HandSolder (layer F.Cu) (tedit 5B36C52B) (tstamp 5BD55082)
    (at 160.7185 70.739 180)
    (descr "Capacitor SMD 0805 (2012 Metric), square (rectangular) end terminal, IPC_7351 nominal with elongated pad for handsoldering. (Body size source: https://docs.google.com/spreadsheets/d/1BsfQQcO9C6DZCsRaXUlFlo91Tg2WpOkGARC1WS5S8t0/edit?usp=sharing), generated with kicad-footprint-generator")
    (tags "capacitor handsolder")
    (path /5BC396D3)
    (attr smd)
    (fp_text reference C1 (at -2.794 0.0635 180) (layer F.SilkS)
      (effects (font (size 1 1) (thickness 0.15)))
    )
    (fp_text value 1uF (at 0 1.65 180) (layer F.Fab)
      (effects (font (size 1 1) (thickness 0.15)))
    )
    (fp_text user %R (at 0 0 180) (layer F.Fab)
      (effects (font (size 0.5 0.5) (thickness 0.08)))
    )
    (fp_line (start 1.85 0.95) (end -1.85 0.95) (layer F.CrtYd) (width 0.05))
    (fp_line (start 1.85 -0.95) (end 1.85 0.95) (layer F.CrtYd) (width 0.05))
    (fp_line (start -1.85 -0.95) (end 1.85 -0.95) (layer F.CrtYd) (width 0.05))
    (fp_line (start -1.85 0.95) (end -1.85 -0.95) (layer F.CrtYd) (width 0.05))
    (fp_line (start -0.261252 0.71) (end 0.261252 0.71) (layer F.SilkS) (width 0.12))
    (fp_line (start -0.261252 -0.71) (end 0.261252 -0.71) (layer F.SilkS) (width 0.12))
    (fp_line (start 1 0.6) (end -1 0.6) (layer F.Fab) (width 0.1))
    (fp_line (start 1 -0.6) (end 1 0.6) (layer F.Fab) (width 0.1))
    (fp_line (start -1 -0.6) (end 1 -0.6) (layer F.Fab) (width 0.1))
    (fp_line (start -1 0.6) (end -1 -0.6) (layer F.Fab) (width 0.1))
    (pad 2 smd roundrect (at 1.025 0 180) (size 1.15 1.4) (layers F.Cu F.Paste F.Mask) (roundrect_rratio 0.217391)
      (net 13 GND))
    (pad 1 smd roundrect (at -1.025 0 180) (size 1.15 1.4) (layers F.Cu F.Paste F.Mask) (roundrect_rratio 0.217391)
      (net 21 "Net-(C1-Pad1)"))
    (model ${KISYS3DMOD}/Capacitor_SMD.3dshapes/C_0805_2012Metric.wrl
      (at (xyz 0 0 0))
      (scale (xyz 1 1 1))
      (rotate (xyz 0 0 0))
    )
  )

  (module Capacitor_SMD:C_0805_2012Metric_Pad1.15x1.40mm_HandSolder (layer F.Cu) (tedit 5B36C52B) (tstamp 5BD55093)
    (at 160.655 74.93 180)
    (descr "Capacitor SMD 0805 (2012 Metric), square (rectangular) end terminal, IPC_7351 nominal with elongated pad for handsoldering. (Body size source: https://docs.google.com/spreadsheets/d/1BsfQQcO9C6DZCsRaXUlFlo91Tg2WpOkGARC1WS5S8t0/edit?usp=sharing), generated with kicad-footprint-generator")
    (tags "capacitor handsolder")
    (path /5BC39745)
    (attr smd)
    (fp_text reference C2 (at -2.794 0 180) (layer F.SilkS)
      (effects (font (size 1 1) (thickness 0.15)))
    )
    (fp_text value 0.1uF (at 0 1.65 180) (layer F.Fab)
      (effects (font (size 1 1) (thickness 0.15)))
    )
    (fp_line (start -1 0.6) (end -1 -0.6) (layer F.Fab) (width 0.1))
    (fp_line (start -1 -0.6) (end 1 -0.6) (layer F.Fab) (width 0.1))
    (fp_line (start 1 -0.6) (end 1 0.6) (layer F.Fab) (width 0.1))
    (fp_line (start 1 0.6) (end -1 0.6) (layer F.Fab) (width 0.1))
    (fp_line (start -0.261252 -0.71) (end 0.261252 -0.71) (layer F.SilkS) (width 0.12))
    (fp_line (start -0.261252 0.71) (end 0.261252 0.71) (layer F.SilkS) (width 0.12))
    (fp_line (start -1.85 0.95) (end -1.85 -0.95) (layer F.CrtYd) (width 0.05))
    (fp_line (start -1.85 -0.95) (end 1.85 -0.95) (layer F.CrtYd) (width 0.05))
    (fp_line (start 1.85 -0.95) (end 1.85 0.95) (layer F.CrtYd) (width 0.05))
    (fp_line (start 1.85 0.95) (end -1.85 0.95) (layer F.CrtYd) (width 0.05))
    (fp_text user %R (at 0 0 180) (layer F.Fab)
      (effects (font (size 0.5 0.5) (thickness 0.08)))
    )
    (pad 1 smd roundrect (at -1.025 0 180) (size 1.15 1.4) (layers F.Cu F.Paste F.Mask) (roundrect_rratio 0.217391)
      (net 22 "Net-(C2-Pad1)"))
    (pad 2 smd roundrect (at 1.025 0 180) (size 1.15 1.4) (layers F.Cu F.Paste F.Mask) (roundrect_rratio 0.217391)
      (net 13 GND))
    (model ${KISYS3DMOD}/Capacitor_SMD.3dshapes/C_0805_2012Metric.wrl
      (at (xyz 0 0 0))
      (scale (xyz 1 1 1))
      (rotate (xyz 0 0 0))
    )
  )

  (module Capacitor_SMD:C_0805_2012Metric_Pad1.15x1.40mm_HandSolder (layer F.Cu) (tedit 5B36C52B) (tstamp 5BD550A4)
    (at 160.655 78.105 180)
    (descr "Capacitor SMD 0805 (2012 Metric), square (rectangular) end terminal, IPC_7351 nominal with elongated pad for handsoldering. (Body size source: https://docs.google.com/spreadsheets/d/1BsfQQcO9C6DZCsRaXUlFlo91Tg2WpOkGARC1WS5S8t0/edit?usp=sharing), generated with kicad-footprint-generator")
    (tags "capacitor handsolder")
    (path /5BC3962F)
    (attr smd)
    (fp_text reference C3 (at -2.8575 0.0635 180) (layer F.SilkS)
      (effects (font (size 1 1) (thickness 0.15)))
    )
    (fp_text value 10uF (at 0 1.65 180) (layer F.Fab)
      (effects (font (size 1 1) (thickness 0.15)))
    )
    (fp_line (start -1 0.6) (end -1 -0.6) (layer F.Fab) (width 0.1))
    (fp_line (start -1 -0.6) (end 1 -0.6) (layer F.Fab) (width 0.1))
    (fp_line (start 1 -0.6) (end 1 0.6) (layer F.Fab) (width 0.1))
    (fp_line (start 1 0.6) (end -1 0.6) (layer F.Fab) (width 0.1))
    (fp_line (start -0.261252 -0.71) (end 0.261252 -0.71) (layer F.SilkS) (width 0.12))
    (fp_line (start -0.261252 0.71) (end 0.261252 0.71) (layer F.SilkS) (width 0.12))
    (fp_line (start -1.85 0.95) (end -1.85 -0.95) (layer F.CrtYd) (width 0.05))
    (fp_line (start -1.85 -0.95) (end 1.85 -0.95) (layer F.CrtYd) (width 0.05))
    (fp_line (start 1.85 -0.95) (end 1.85 0.95) (layer F.CrtYd) (width 0.05))
    (fp_line (start 1.85 0.95) (end -1.85 0.95) (layer F.CrtYd) (width 0.05))
    (fp_text user %R (at 0 0 180) (layer F.Fab)
      (effects (font (size 0.5 0.5) (thickness 0.08)))
    )
    (pad 1 smd roundrect (at -1.025 0 180) (size 1.15 1.4) (layers F.Cu F.Paste F.Mask) (roundrect_rratio 0.217391)
      (net 12 VCC))
    (pad 2 smd roundrect (at 1.025 0 180) (size 1.15 1.4) (layers F.Cu F.Paste F.Mask) (roundrect_rratio 0.217391)
      (net 13 GND))
    (model ${KISYS3DMOD}/Capacitor_SMD.3dshapes/C_0805_2012Metric.wrl
      (at (xyz 0 0 0))
      (scale (xyz 1 1 1))
      (rotate (xyz 0 0 0))
    )
  )

  (module Capacitor_SMD:C_0805_2012Metric_Pad1.15x1.40mm_HandSolder (layer F.Cu) (tedit 5B36C52B) (tstamp 5BD550B5)
    (at 160.655 59.69 180)
    (descr "Capacitor SMD 0805 (2012 Metric), square (rectangular) end terminal, IPC_7351 nominal with elongated pad for handsoldering. (Body size source: https://docs.google.com/spreadsheets/d/1BsfQQcO9C6DZCsRaXUlFlo91Tg2WpOkGARC1WS5S8t0/edit?usp=sharing), generated with kicad-footprint-generator")
    (tags "capacitor handsolder")
    (path /5BC37858)
    (attr smd)
    (fp_text reference C4 (at -2.794 0 180) (layer F.SilkS)
      (effects (font (size 1 1) (thickness 0.15)))
    )
    (fp_text value 100pF (at 0 1.65 180) (layer F.Fab)
      (effects (font (size 1 1) (thickness 0.15)))
    )
    (fp_text user %R (at 0 0 180) (layer F.Fab)
      (effects (font (size 0.5 0.5) (thickness 0.08)))
    )
    (fp_line (start 1.85 0.95) (end -1.85 0.95) (layer F.CrtYd) (width 0.05))
    (fp_line (start 1.85 -0.95) (end 1.85 0.95) (layer F.CrtYd) (width 0.05))
    (fp_line (start -1.85 -0.95) (end 1.85 -0.95) (layer F.CrtYd) (width 0.05))
    (fp_line (start -1.85 0.95) (end -1.85 -0.95) (layer F.CrtYd) (width 0.05))
    (fp_line (start -0.261252 0.71) (end 0.261252 0.71) (layer F.SilkS) (width 0.12))
    (fp_line (start -0.261252 -0.71) (end 0.261252 -0.71) (layer F.SilkS) (width 0.12))
    (fp_line (start 1 0.6) (end -1 0.6) (layer F.Fab) (width 0.1))
    (fp_line (start 1 -0.6) (end 1 0.6) (layer F.Fab) (width 0.1))
    (fp_line (start -1 -0.6) (end 1 -0.6) (layer F.Fab) (width 0.1))
    (fp_line (start -1 0.6) (end -1 -0.6) (layer F.Fab) (width 0.1))
    (pad 2 smd roundrect (at 1.025 0 180) (size 1.15 1.4) (layers F.Cu F.Paste F.Mask) (roundrect_rratio 0.217391)
      (net 13 GND))
    (pad 1 smd roundrect (at -1.025 0 180) (size 1.15 1.4) (layers F.Cu F.Paste F.Mask) (roundrect_rratio 0.217391)
      (net 23 "Net-(C4-Pad1)"))
    (model ${KISYS3DMOD}/Capacitor_SMD.3dshapes/C_0805_2012Metric.wrl
      (at (xyz 0 0 0))
      (scale (xyz 1 1 1))
      (rotate (xyz 0 0 0))
    )
  )

  (module Capacitor_SMD:C_0805_2012Metric_Pad1.15x1.40mm_HandSolder (layer F.Cu) (tedit 5B36C52B) (tstamp 5BD550C6)
    (at 108.7755 90.8685 180)
    (descr "Capacitor SMD 0805 (2012 Metric), square (rectangular) end terminal, IPC_7351 nominal with elongated pad for handsoldering. (Body size source: https://docs.google.com/spreadsheets/d/1BsfQQcO9C6DZCsRaXUlFlo91Tg2WpOkGARC1WS5S8t0/edit?usp=sharing), generated with kicad-footprint-generator")
    (tags "capacitor handsolder")
    (path /5BC80B95)
    (attr smd)
    (fp_text reference C5 (at 0 -1.65 180) (layer F.SilkS)
      (effects (font (size 1 1) (thickness 0.15)))
    )
    (fp_text value 10uF (at 0 1.65 180) (layer F.Fab)
      (effects (font (size 1 1) (thickness 0.15)))
    )
    (fp_text user %R (at 0 0 180) (layer F.Fab)
      (effects (font (size 0.5 0.5) (thickness 0.08)))
    )
    (fp_line (start 1.85 0.95) (end -1.85 0.95) (layer F.CrtYd) (width 0.05))
    (fp_line (start 1.85 -0.95) (end 1.85 0.95) (layer F.CrtYd) (width 0.05))
    (fp_line (start -1.85 -0.95) (end 1.85 -0.95) (layer F.CrtYd) (width 0.05))
    (fp_line (start -1.85 0.95) (end -1.85 -0.95) (layer F.CrtYd) (width 0.05))
    (fp_line (start -0.261252 0.71) (end 0.261252 0.71) (layer F.SilkS) (width 0.12))
    (fp_line (start -0.261252 -0.71) (end 0.261252 -0.71) (layer F.SilkS) (width 0.12))
    (fp_line (start 1 0.6) (end -1 0.6) (layer F.Fab) (width 0.1))
    (fp_line (start 1 -0.6) (end 1 0.6) (layer F.Fab) (width 0.1))
    (fp_line (start -1 -0.6) (end 1 -0.6) (layer F.Fab) (width 0.1))
    (fp_line (start -1 0.6) (end -1 -0.6) (layer F.Fab) (width 0.1))
    (pad 2 smd roundrect (at 1.025 0 180) (size 1.15 1.4) (layers F.Cu F.Paste F.Mask) (roundrect_rratio 0.217391)
      (net 13 GND))
    (pad 1 smd roundrect (at -1.025 0 180) (size 1.15 1.4) (layers F.Cu F.Paste F.Mask) (roundrect_rratio 0.217391)
      (net 24 "Net-(C5-Pad1)"))
    (model ${KISYS3DMOD}/Capacitor_SMD.3dshapes/C_0805_2012Metric.wrl
      (at (xyz 0 0 0))
      (scale (xyz 1 1 1))
      (rotate (xyz 0 0 0))
    )
  )

  (module Capacitor_SMD:C_0805_2012Metric_Pad1.15x1.40mm_HandSolder (layer F.Cu) (tedit 5B36C52B) (tstamp 5BD550D7)
    (at 160.7185 68.3895 180)
    (descr "Capacitor SMD 0805 (2012 Metric), square (rectangular) end terminal, IPC_7351 nominal with elongated pad for handsoldering. (Body size source: https://docs.google.com/spreadsheets/d/1BsfQQcO9C6DZCsRaXUlFlo91Tg2WpOkGARC1WS5S8t0/edit?usp=sharing), generated with kicad-footprint-generator")
    (tags "capacitor handsolder")
    (path /5BC72BCC)
    (attr smd)
    (fp_text reference C6 (at -2.794 -0.0635 180) (layer F.SilkS)
      (effects (font (size 1 1) (thickness 0.15)))
    )
    (fp_text value 1nF (at 0 1.65 180) (layer F.Fab)
      (effects (font (size 1 1) (thickness 0.15)))
    )
    (fp_text user %R (at 0 0 180) (layer F.Fab)
      (effects (font (size 0.5 0.5) (thickness 0.08)))
    )
    (fp_line (start 1.85 0.95) (end -1.85 0.95) (layer F.CrtYd) (width 0.05))
    (fp_line (start 1.85 -0.95) (end 1.85 0.95) (layer F.CrtYd) (width 0.05))
    (fp_line (start -1.85 -0.95) (end 1.85 -0.95) (layer F.CrtYd) (width 0.05))
    (fp_line (start -1.85 0.95) (end -1.85 -0.95) (layer F.CrtYd) (width 0.05))
    (fp_line (start -0.261252 0.71) (end 0.261252 0.71) (layer F.SilkS) (width 0.12))
    (fp_line (start -0.261252 -0.71) (end 0.261252 -0.71) (layer F.SilkS) (width 0.12))
    (fp_line (start 1 0.6) (end -1 0.6) (layer F.Fab) (width 0.1))
    (fp_line (start 1 -0.6) (end 1 0.6) (layer F.Fab) (width 0.1))
    (fp_line (start -1 -0.6) (end 1 -0.6) (layer F.Fab) (width 0.1))
    (fp_line (start -1 0.6) (end -1 -0.6) (layer F.Fab) (width 0.1))
    (pad 2 smd roundrect (at 1.025 0 180) (size 1.15 1.4) (layers F.Cu F.Paste F.Mask) (roundrect_rratio 0.217391)
      (net 13 GND))
    (pad 1 smd roundrect (at -1.025 0 180) (size 1.15 1.4) (layers F.Cu F.Paste F.Mask) (roundrect_rratio 0.217391)
      (net 25 /P0.31))
    (model ${KISYS3DMOD}/Capacitor_SMD.3dshapes/C_0805_2012Metric.wrl
      (at (xyz 0 0 0))
      (scale (xyz 1 1 1))
      (rotate (xyz 0 0 0))
    )
  )

  (module Capacitor_SMD:C_0805_2012Metric_Pad1.15x1.40mm_HandSolder (layer F.Cu) (tedit 5B36C52B) (tstamp 5BD550E8)
    (at 100.965 60.325 180)
    (descr "Capacitor SMD 0805 (2012 Metric), square (rectangular) end terminal, IPC_7351 nominal with elongated pad for handsoldering. (Body size source: https://docs.google.com/spreadsheets/d/1BsfQQcO9C6DZCsRaXUlFlo91Tg2WpOkGARC1WS5S8t0/edit?usp=sharing), generated with kicad-footprint-generator")
    (tags "capacitor handsolder")
    (path /5BCB87D9)
    (attr smd)
    (fp_text reference C7 (at 0 -1.65 180) (layer F.SilkS)
      (effects (font (size 1 1) (thickness 0.15)))
    )
    (fp_text value 10uF (at 0 1.65 180) (layer F.Fab)
      (effects (font (size 1 1) (thickness 0.15)))
    )
    (fp_line (start -1 0.6) (end -1 -0.6) (layer F.Fab) (width 0.1))
    (fp_line (start -1 -0.6) (end 1 -0.6) (layer F.Fab) (width 0.1))
    (fp_line (start 1 -0.6) (end 1 0.6) (layer F.Fab) (width 0.1))
    (fp_line (start 1 0.6) (end -1 0.6) (layer F.Fab) (width 0.1))
    (fp_line (start -0.261252 -0.71) (end 0.261252 -0.71) (layer F.SilkS) (width 0.12))
    (fp_line (start -0.261252 0.71) (end 0.261252 0.71) (layer F.SilkS) (width 0.12))
    (fp_line (start -1.85 0.95) (end -1.85 -0.95) (layer F.CrtYd) (width 0.05))
    (fp_line (start -1.85 -0.95) (end 1.85 -0.95) (layer F.CrtYd) (width 0.05))
    (fp_line (start 1.85 -0.95) (end 1.85 0.95) (layer F.CrtYd) (width 0.05))
    (fp_line (start 1.85 0.95) (end -1.85 0.95) (layer F.CrtYd) (width 0.05))
    (fp_text user %R (at 0 0 180) (layer F.Fab)
      (effects (font (size 0.5 0.5) (thickness 0.08)))
    )
    (pad 1 smd roundrect (at -1.025 0 180) (size 1.15 1.4) (layers F.Cu F.Paste F.Mask) (roundrect_rratio 0.217391)
      (net 26 /VBatt))
    (pad 2 smd roundrect (at 1.025 0 180) (size 1.15 1.4) (layers F.Cu F.Paste F.Mask) (roundrect_rratio 0.217391)
      (net 13 GND))
    (model ${KISYS3DMOD}/Capacitor_SMD.3dshapes/C_0805_2012Metric.wrl
      (at (xyz 0 0 0))
      (scale (xyz 1 1 1))
      (rotate (xyz 0 0 0))
    )
  )

  (module Capacitor_SMD:C_0805_2012Metric_Pad1.15x1.40mm_HandSolder (layer F.Cu) (tedit 5B36C52B) (tstamp 5BD550F9)
    (at 115.833 57.658 180)
    (descr "Capacitor SMD 0805 (2012 Metric), square (rectangular) end terminal, IPC_7351 nominal with elongated pad for handsoldering. (Body size source: https://docs.google.com/spreadsheets/d/1BsfQQcO9C6DZCsRaXUlFlo91Tg2WpOkGARC1WS5S8t0/edit?usp=sharing), generated with kicad-footprint-generator")
    (tags "capacitor handsolder")
    (path /5BC80CC8)
    (attr smd)
    (fp_text reference C8 (at 0 -1.65 180) (layer F.SilkS)
